7.245616427534094406e+00 5.037513465658428891e-02 9.111864558171926809e-02 1.250465950564170953e+03 9.306181431487299260e-01 4.740176903019444943e+00
7.188903170781709484e+00 9.019244077291348194e-02 1.320418646765658677e-01 1.250477826273320034e+03 1.646374451008538076e+00 4.833054055541881944e+00
7.091668654692747431e+00 3.303668659598744117e-01 4.285626196985233283e-01 1.250508671483138187e+03 2.349620713772214931e+00 4.955976404224112564e+00
7.009519356329976247e+00 3.970382084963592351e-01 5.737417658704165868e-01 1.250560871557378732e+03 3.036057935460007684e+00 5.119613796098497538e+00
6.975843817400905422e+00 2.073905080590664196e-01 3.674087398162151907e-01 1.250604523369755270e+03 3.711807989794657203e+00 5.303170171656749865e+00
6.871643884350995712e+00 4.259528969531198861e-01 5.892254212025550553e-01 1.250654192634560786e+03 4.368128070131509944e+00 5.524293183357769976e+00
6.767560206958203040e+00 5.370155294889342734e-01 7.663496601495182192e-01 1.250723878394733902e+03 4.995342119149629667e+00 5.794951841532220094e+00
6.762825397667860727e+00 1.901109279727210277e-01 3.857602761197884700e-01 1.250776298001720534e+03 5.609032340973836739e+00 6.083200331884072831e+00
6.675634333189184311e+00 4.101424729982165451e-01 5.699332959880146765e-01 1.250825686575226200e+03 6.199997494808849652e+00 6.403238672797428421e+00
6.603062503699695718e+00 4.839558126637109603e-01 6.925680202999892066e-01 1.250890506115995549e+03 6.758733019179128831e+00 6.763898043995410170e+00
6.577478362304424842e+00 3.932593156580656002e-01 6.049914386519033016e-01 1.250953902165292902e+03 7.292162365013253655e+00 7.153717996958607550e+00
6.509534348656877967e+00 4.901107145422293199e-01 7.045515842837419829e-01 1.251020657476753058e+03 7.792107838254337615e+00 7.577531251833645953e+00
6.501429399753722471e+00 -2.156583690181033963e-02 1.284479064211083432e-01 1.251058484502241072e+03 8.284540159424608419e+00 8.003594880538120293e+00
6.461234494731598055e+00 2.072141513200441432e-01 2.777725054524811110e-01 1.251080684230761108e+03 8.764289422069579061e+00 8.439032230008477242e+00
6.430390419606032637e+00 2.686283618019353336e-01 3.730957130799577026e-01 1.251114894181085447e+03 9.221333044293940517e+00 8.893920316254707359e+00
6.265504940566236414e+00 6.030047621307298433e-01 7.566659303584409857e-01 1.251171717490733727e+03 9.637228101842213235e+00 9.374869819572221985e+00
6.074916959667323368e+00 7.933352041304975177e-01 1.049898635015174886e+00 1.251262859153512409e+03 9.985767854402569199e+00 9.888090448126249044e+00
5.978721624369763177e+00 8.284003523158580684e-01 1.163663807828077879e+00 1.251374790914710275e+03 1.026213722910929249e+01 1.042905769699878782e+01
6.030124870469127707e+00 5.467793129811979735e-01 8.646208193264482977e-01 1.251471167125525199e+03 1.049788879615259241e+01 1.098676958513358315e+01
6.073465053987224138e+00 2.812935723278588984e-01 4.841926470620949718e-01 1.251532672621554866e+03 1.071505670417216827e+01 1.155389158363180435e+01
6.067030059896937999e+00 3.439391047948044955e-01 4.884086571008544042e-01 1.251581369286279823e+03 1.090282501004714000e+01 1.213182358543759598e+01
6.075001734468057357e+00 3.373380102806214920e-01 4.781609824544961751e-01 1.251629492978108146e+03 1.106133783430488293e+01 1.271882754155366513e+01
6.076142555111344379e+00 3.811191324755544008e-01 5.306354528179443308e-01 1.251680839254546981e+03 1.118752756301753948e+01 1.331399943945390696e+01
6.104525620291852306e+00 3.119992521762272042e-01 4.528501930029920075e-01 1.251728462988947740e+03 1.128869427685778426e+01 1.391570916794047719e+01
6.109177899034309078e+00 3.829337029245746260e-01 5.303228640713855135e-01 1.251778882826389690e+03 1.135684893697402842e+01 1.452328576487349743e+01
6.139171801120801852e+00 3.413120856387885649e-01 4.903899451983788627e-01 1.251829115915845478e+03 1.139590900071321045e+01 1.513557601761573501e+01
6.133205165952774429e+00 4.515528560826234661e-01 6.191003607769339778e-01 1.251886384734440298e+03 1.139534241174686535e+01 1.575000468922882746e+01
6.173096187107352861e+00 3.742519881587859643e-01 5.452506287815631625e-01 1.251943141698860700e+03 1.136239300355610915e+01 1.636597861920845887e+01
6.182607600840663409e+00 4.425840372473242024e-01 6.196823462060373489e-01 1.252002506121464648e+03 1.129058956421354054e+01 1.698059597423701206e+01
6.228413830484042180e+00 3.604821483649043312e-01 5.311376624168760996e-01 1.252058311551342740e+03 1.118752249090918838e+01 1.759401782375466539e+01
6.253828044514014195e+00 3.952797197084833014e-01 5.627279059995085042e-01 1.252113490270075090e+03 1.104946564449320157e+01 1.820364068202579944e+01
6.294430869874249268e+00 3.664682720774620206e-01 5.329242817714420211e-01 1.252167667013709433e+03 1.087875408584653414e+01 1.880860044892654059e+01
6.354242609245654094e+00 2.369518709265947543e-01 3.696342238470828323e-01 1.252209691160363491e+03 1.068804000704861501e+01 1.941259796677762495e+01
6.392286393862401717e+00 2.808093290535524367e-01 4.015978606228766679e-01 1.252248766934809964e+03 1.047142202062239491e+01 2.001238279660559272e+01
6.438311097720398557e+00 2.720861991722120510e-01 3.957924805055253459e-01 1.252288476764206507e+03 1.022942689572957420e+01 2.060711893915454240e+01
6.454560821395591397e+00 3.932304904576803262e-01 5.436649374094006948e-01 1.252337453703888741e+03 9.952755932617559864e+00 2.118983374191578406e+01
6.473012161007809517e+00 4.594960600042047871e-01 6.506685967528025305e-01 1.252398681690829108e+03 9.636123287445018448e+00 2.175451281340270882e+01
6.525221680960580528e+00 3.930440678623164374e-01 5.912385188315435469e-01 1.252459647711812750e+03 9.286191702142902571e+00 2.230394046394624752e+01
6.590954163150072098e+00 2.802629040836620011e-01 4.441136108150702255e-01 1.252508682904579018e+03 8.912108588430182721e+00 2.284392901196153858e+01
6.640485989811666379e+00 2.894318310332548716e-01 4.323993141225951908e-01 1.252552244553745140e+03 8.512035673469279473e+00 2.337151000192910999e+01
6.690156823333204272e+00 2.958387759566615260e-01 4.390242872193376722e-01 1.252595870060327115e+03 8.085745920487722671e+00 2.388462524636439710e+01
6.719372287132619803e+00 3.840301335064109645e-01 5.497622653744480559e-01 1.252646839114100885e+03 7.628494106267276642e+00 2.437569109058445349e+01
6.751113746206201860e+00 4.289714200513871090e-01 6.273637267107853299e-01 1.252706784965619136e+03 7.138348730653789609e+00 2.483899823566718013e+01
6.769570806521382877e+00 4.956215236327960461e-01 7.260631748481054526e-01 1.252775662911686368e+03 6.613704393727310560e+00 2.526720500022490512e+01
6.812371846804839315e+00 4.656605363115038365e-01 7.148452378801321005e-01 1.252847476515941935e+03 6.057521623553842716e+00 2.565967897461271008e+01
6.867860562509854105e+00 4.042954974058851070e-01 6.411432523450756316e-01 1.252913998636031693e+03 5.474494792280321320e+00 2.602018177739444127e+01
6.933923532350998009e+00 3.082666430185842521e-01 5.081824195615498585e-01 1.252969124587447595e+03 4.870005839857178387e+00 2.635538154933598420e+01
6.996686837456329577e+00 2.489188066569915925e-01 4.080361105431767332e-01 1.253013153079704352e+03 4.247461534143259776e+00 2.666922538758586825e+01
7.045044646618742412e+00 2.842868959333412215e-01 4.336083860080692798e-01 1.253055589478533648e+03 3.606712061128031888e+00 2.695710941303906338e+01
7.101866871280015481e+00 2.572838481861894344e-01 4.053274831831695235e-01 1.253097001687319562e+03 2.949903170881583492e+00 2.722102740401432541e+01
7.166389288343717467e+00 1.757985782378319595e-01 2.989469158204651200e-01 1.253130325662867563e+03 2.280483772149733301e+00 2.746886505652163990e+01
7.230229397872129482e+00 1.037487413143147463e-01 1.888348348302462676e-01 1.253152780375045040e+03 1.601036036499378978e+00 2.770711106221589048e+01
7.292315781946040687e+00 6.206563176088156220e-02 1.156017221309622311e-01 1.253166712336460250e+03 9.130967144966737337e-01 2.793962227762310846e+01
7.353719577330041446e+00 2.110327536371770993e-02 4.965354326239870830e-02 1.253173826809191041e+03 2.182181746484483653e-01 2.817069041400402440e+01
7.411003534068532517e+00 -7.736951087144725014e-02 -8.796146049089913210e-02 1.253169702941189826e+03 -4.799552640059489006e-01 2.841032500529307114e+01
7.463954910783137997e+00 -1.523414484369564337e-01 -2.102037545974493882e-01 1.253152884570610468e+03 -1.178076310622803602e+00 2.866664625012570156e+01
7.517889753206730141e+00 -1.804453866512636673e-01 -2.723168138995582521e-01 1.253127788325663232e+03 -1.874308029668273479e+00 2.894325318902006927e+01
7.576777317831771441e+00 -1.551981515631241926e-01 -2.553264591882370427e-01 1.253101724994615324e+03 -2.569009354081492003e+00 2.923865194927854105e+01
7.634035178241028063e+00 -1.524846748751219894e-01 -2.506190610691817477e-01 1.253076537138557342e+03 -3.261569967510069556e+00 2.955320697047205414e+01
7.689909415589633035e+00 -1.625514659170658738e-01 -2.637358874956117760e-01 1.253050639912271208e+03 -3.950711477677580685e+00 2.988831337925148546e+01
7.745553301730523366e+00 -1.684923717569141166e-01 -2.754284905175695131e-01 1.253023532509678034e+03 -4.635413881565018102e+00 3.024466949003070582e+01
7.797581160161570324e+00 -1.990072546920170493e-01 -3.186915373463649059e-01 1.252993201158278680e+03 -5.313212788254950247e+00 3.062511672374111882e+01
7.847232677623958708e+00 -2.306112393206246336e-01 -3.707089898671843131e-01 1.252957998067038261e+03 -5.981024983612896584e+00 3.103276843729274503e+01
7.895309081650653482e+00 -2.585340817554412363e-01 -4.212433276826272333e-01 1.252917714999314740e+03 -6.635597263442279292e+00 3.147033400179094187e+01
7.954864637254317472e+00 -2.118126417625850189e-01 -3.771327396135022991e-01 1.252878521934784203e+03 -7.278352121191393742e+00 3.193457547426379506e+01
8.020922267133707706e+00 -1.161357585658347735e-01 -2.457467100953425743e-01 1.252849468905896401e+03 -7.914926767580581668e+00 3.241748966286786526e+01
8.074853791952991244e+00 -1.800369488694030518e-01 -2.967311038321458483e-01 1.252821649698713145e+03 -8.540831055776338943e+00 3.292339683149231888e+01
8.120407915509916918e+00 -2.557317661200381176e-01 -4.050239971633476377e-01 1.252785179340890409e+03 -9.149367984772489137e+00 3.345773552079062796e+01
8.176524581052733609e+00 -2.321420053444722131e-01 -4.065629019044482706e-01 1.252744615720349657e+03 -9.740344202527417394e+00 3.401917798190812903e+01
8.245651068741132406e+00 -9.157603093031198294e-02 -2.296433008163251133e-01 1.252715494197818998e+03 -1.032361574823476680e+01 3.459747554185506857e+01
8.304914591123488066e+00 -1.350365501832468951e-01 -2.413259958447563358e-01 1.252691801585115172e+03 -1.089635229967877628e+01 3.519478407733430458e+01
8.354884437741258552e+00 -2.137841969272577802e-01 -3.434863247996938762e-01 1.252661248692687877e+03 -1.145137542094549055e+01 3.581592553725892003e+01
8.403497866841274089e+00 -2.500686470813984208e-01 -4.200629096345354641e-01 1.252622090870765760e+03 -1.198393628666549304e+01 3.646301036394100947e+01
8.462124766729854031e+00 -2.115573948294436901e-01 -3.972356225492137960e-01 1.252581593610149639e+03 -1.249505273394181692e+01 3.713410970504195063e+01
8.523398353820555329e+00 -1.669147719805360586e-01 -3.371130868452620888e-01 1.252545785129477963e+03 -1.298729482337849639e+01 3.782642859664915846e+01
8.573881647836437025e+00 -2.189070513541532814e-01 -3.885951910136800080e-01 1.252508875659121031e+03 -1.345519633275032056e+01 3.854193710250403626e+01
8.636178132679731334e+00 -1.656245260732368274e-01 -3.351616205067463050e-01 1.252473497620760327e+03 -1.390188628813731775e+01 3.927768304371767272e+01
8.698827702317972310e+00 -1.342995921022812345e-01 -2.816261491707517384e-01 1.252443456038309705e+03 -1.433072280584435987e+01 4.003104514755998622e+01
8.763943801780261111e+00 -9.281709536545301731e-02 -2.114157201356383353e-01 1.252419847210579519e+03 -1.474567092908991306e+01 4.079935783221960577e+01
8.830423592215614903e+00 -5.600449626913367451e-02 -1.420040531588650512e-01 1.252403199955491573e+03 -1.515149752552664353e+01 4.157990275562827520e+01
8.897121344039012669e+00 -2.231209673894400322e-02 -7.622314317621661783e-02 1.252393251336667618e+03 -1.555298877128691259e+01 4.237013086803203521e+01
8.963107013394150613e+00 -1.696845949324230982e-02 -4.875215414928520813e-02 1.252387406054005623e+03 -1.595236276765671413e+01 4.316882332804167532e+01
9.029736089824169198e+00 -2.218373904061108834e-02 -4.629119109925586284e-02 1.252382694015095467e+03 -1.635023395841036375e+01 4.397566706222631439e+01
9.085154765266420185e+00 1.560401876174201674e-01 1.879576137024689397e-01 1.252392418313702592e+03 -1.676316139969608798e+01 4.478162885376948310e+01
9.149641446887288865e+00 1.353015940253852745e-01 2.367191317124965055e-01 1.252414311281219625e+03 -1.719573550841370135e+01 4.558429575944724377e+01
9.207759260410014690e+00 1.745855590000532920e-01 3.129097570167169162e-01 1.252442735067791773e+03 -1.765296507968498574e+01 4.638018172514031079e+01
9.251233940681439449e+00 2.614401219265177767e-01 4.553904092415465565e-01 1.252482607802663779e+03 -1.814544374130980842e+01 4.716075558991791183e+01
9.304404141196542355e+00 2.434929180933411152e-01 4.913140464143325725e-01 1.252530344662323841e+03 -1.867598855282485104e+01 4.792215494091101391e+01
9.342169117954080448e+00 2.941199568357154570e-01 5.809491831581675703e-01 1.252584777083662630e+03 -1.924932557217209350e+01 4.865751692718028210e+01
9.374240093957375564e+00 3.233228566627271983e-01 6.632883669568678808e-01 1.252647699566367237e+03 -1.986982260959213775e+01 4.935836518153636376e+01
9.411560705280756167e+00 3.058551967000131544e-01 6.910808907935117595e-01 1.252715663220290253e+03 -2.053729506875886557e+01 5.001971097600848282e+01
9.463807265196793495e+00 2.343047533910269931e-01 6.263396035999804212e-01 1.252780787755769097e+03 -2.124701961794173855e+01 5.064235927234223311e+01
9.487927835041016777e+00 3.073036692608437925e-01 6.942240294978586634e-01 1.252847224159189864e+03 -2.200002152231454744e+01 5.121768208690203750e+01
9.555736303509574370e+00 1.562375023328184676e-01 5.300650645880099487e-01 1.252906350717366649e+03 -2.278754913358638134e+01 5.175369668880367868e+01
9.557189137854964045e+00 3.457120092069385642e-01 6.929724659298260869e-01 1.252967878308480294e+03 -2.361137447468790285e+01 5.223777169392512576e+01
9.540983882929301885e+00 4.260201617393156170e-01 8.640409766282691750e-01 1.253046371902766850e+03 -2.447222083839251638e+01 5.265183502675387928e+01
9.556109325545687483e+00 3.663251860872409060e-01 9.124870790909548335e-01 1.253135572979933613e+03 -2.536509086813245162e+01 5.299191520212249173e+01
9.552103157897455787e+00 3.481411834081290513e-01 9.621587168910304966e-01 1.253229555989679284e+03 -2.628462847526946788e+01 5.325246679904479663e+01
9.542413558848370059e+00 3.229620214190410121e-01 9.966876084125283475e-01 1.253327656243130377e+03 -2.722376768394027380e+01 5.342565083384197777e+01
9.552861012628339310e+00 2.502955126360535409e-01 9.678743014522989130e-01 1.253425712492333332e+03 -2.817490048357076304e+01 5.351124590479165732e+01
9.571097796945727154e+00 1.956493590602522148e-01 9.109749546902407014e-01 1.253519308788854914e+03 -2.913116011987804654e+01 5.351184184005843036e+01
9.569207341999430128e+00 2.323749613852817142e-01 9.136824407910077994e-01 1.253610539964746749e+03 -3.008400061682258553e+01 5.342438146473736538e+01
9.584054522470664139e+00 2.269467133678197135e-01 8.898027059414663764e-01 1.253700594578678874e+03 -3.102554428058513381e+01 5.324958017864515369e+01
9.547917947134894945e+00 3.110019312383869305e-01 9.581281670967125574e-01 1.253792978464779708e+03 -3.194505193055760017e+01 5.298611827450618961e+01
9.613362471311919677e+00 1.079794155832888430e-01 7.446736497922439302e-01 1.253875671937017842e+03 -3.284328733096612041e+01 5.265137450471060987e+01
9.616912461434887760e+00 2.587661007673004443e-01 7.948882122971110409e-01 1.253952636653949639e+03 -3.371367902841761577e+01 5.224355938949910438e+01
9.549845661329369406e+00 3.779205362271918500e-01 9.174507847737203292e-01 1.254038165030375239e+03 -3.453936972441248088e+01 5.175690732520106963e+01
9.505425327765415489e+00 4.016770330226350216e-01 1.020785318744091619e+00 1.254135314551264628e+03 -3.530874898081467705e+01 5.119428400777185573e+01
9.440231790980845972e+00 3.752353868677108517e-01 1.091249203492034692e+00 1.254241152320182891e+03 -3.601313030084055811e+01 5.056024813071348234e+01
9.425281531040612393e+00 3.018816511596698060e-01 1.110669389752726000e+00 1.254351370552681374e+03 -3.664582514807651137e+01 4.986024474542392682e+01
9.423795391515968234e+00 2.127956267714468941e-01 1.086778538111018433e+00 1.254461145728670317e+03 -3.720388102300699984e+01 4.910067173308608801e+01
9.449167352793002905e+00 9.926807574344032048e-02 9.869841327900192862e-01 1.254564135726176573e+03 -3.768799348328806076e+01 4.829063111043085854e+01
9.460678909128697356e+00 1.050247436492839914e-01 9.305023579110536236e-01 1.254659836063113289e+03 -3.809405825033781667e+01 4.743711604830702555e+01
9.503194208326860348e+00 6.922017945601975641e-02 7.978671961416493597e-01 1.254745406255546186e+03 -3.842432027714222187e+01 4.654840867323574827e+01
9.549333056727348890e+00 1.191127879271404594e-01 7.043749141871092911e-01 1.254820042570930354e+03 -3.868194823316370901e+01 4.563152424666196083e+01
9.573538009467155163e+00 2.562180619740248022e-01 7.415568453861453024e-01 1.254892387773842529e+03 -3.886224971951399709e+01 4.469282417072035685e+01
9.643740280665925368e+00 1.718448638574044951e-01 6.188761691126329900e-01 1.254959076580313877e+03 -3.897747231338966145e+01 4.373862179897903957e+01
9.725112735284280774e+00 7.842229887261435717e-02 4.246010799701037675e-01 1.255008972526428124e+03 -3.904698464419638526e+01 4.277251968564848283e+01
9.803281194116186370e+00 7.562700132143376774e-02 3.113443378508805037e-01 1.255044436914348353e+03 -3.907851170702813448e+01 4.179662679112349366e+01
9.883979541219044762e+00 2.414470791159260485e-02 1.763785995305775511e-01 1.255067090438440346e+03 -3.908520330035985779e+01 4.081227239632338666e+01
9.949050561422316363e+00 1.449027005655167677e-01 2.790392984624819883e-01 1.255090914260678346e+03 -3.906234653189066819e+01 3.982102660806459227e+01
1.000941100955215290e+01 1.916600968830242391e-01 3.783198471605183077e-01 1.255124840533616407e+03 -3.900338989750242291e+01 3.882487042104710895e+01
1.007516458007017768e+01 1.430032986978982679e-01 3.618998644592348324e-01 1.255161620471778633e+03 -3.891043083081864751e+01 3.782485664106641821e+01
1.011298358391482921e+01 -2.762101800077074176e-01 -1.718671274667052107e-01 1.255168420041302170e+03 -3.882051760769064686e+01 3.681960237382197931e+01
1.018140656410938227e+01 -4.566047876280194401e-03 -5.053584226424531756e-02 1.255158594387821495e+03 -3.873160416180900967e+01 3.580872211321216270e+01
1.023023053360730650e+01 -1.673294244181117996e-01 -2.516440800251734666e-01 1.255141542177991141e+03 -3.865701117146884513e+01 3.479101968341821305e+01
1.026273860656102599e+01 -2.542439107023463096e-01 -4.506055747111242793e-01 1.255104615598564351e+03 -3.862074777367315903e+01 3.376704728248833476e+01
1.032050577243979994e+01 -9.315969498923698522e-02 -3.346306430448166558e-01 1.255066841725397808e+03 -3.861513928881772983e+01 3.273765809730075205e+01
1.037293969284780282e+01 1.071465150362325841e-01 -2.588958767572030473e-02 1.255052166200910733e+03 -3.861790623133747857e+01 3.170299984955564199e+01
1.042026078942910772e+01 1.348736771129737111e-01 1.546772329101993859e-01 1.255060752043744515e+03 -3.861525381997533657e+01 3.066334879210318931e+01
1.046938365088486123e+01 6.563299844458059251e-02 1.519994033831549296e-01 1.255076044966983545e+03 -3.860416442916317692e+01 2.961888513816937163e+01
1.051610383481590816e+01 2.506491558550598582e-03 7.528770683542189424e-02 1.255086453413419804e+03 -3.858626482829035353e+01 2.856977420736518170e+01
1.055930756843273954e+01 2.575728564972703041e-02 7.726624009812242677e-02 1.255094100549863469e+03 -3.855922667595726239e+01 2.751637654390266263e+01
1.059825182701409396e+01 -7.174112590061666739e-02 -6.184504560939241280e-02 1.255093243344619395e+03 -3.853428586952453117e+01 2.645884288587872391e+01
1.063529130365462194e+01 -6.815180224448408319e-02 -1.175097493943701998e-01 1.255083600351976429e+03 -3.851778676661120926e+01 2.539730125865878563e+01
1.067194144631188557e+01 -2.545599650825953672e-02 -8.981703476679928078e-02 1.255073577597249596e+03 -3.850855858260077724e+01 2.433197691576792465e+01
1.070570261214545482e+01 3.448360216793634747e-02 2.225759034125607619e-03 1.255070309912200855e+03 -3.850089104220585057e+01 2.326314161240089007e+01
1.073940013481319689e+01 -4.104496285120075305e-02 -6.296322574152815599e-02 1.255066509185808172e+03 -3.850018403948004675e+01 2.219091715821697264e+01
1.076991988149533697e+01 5.948395758033259151e-02 5.507156612086869241e-02 1.255067478024780485e+03 -3.849674269990572384e+01 2.111549633645169166e+01
1.080187879996102573e+01 4.964461383761433616e-02 9.105767152028741707e-02 1.255075215978380129e+03 -3.848591409976734923e+01 2.003696646387632896e+01
1.083283099715764841e+01 6.415770939675505269e-02 1.347153550319255544e-01 1.255087018280546090e+03 -3.846390174767568482e+01 1.895546717467346554e+01
1.085985674111611488e+01 9.708512995076633290e-02 2.046130127449848068e-01 1.255104771158292579e+03 -3.842318953959899375e+01 1.787161815626108563e+01
1.089075667423740512e+01 4.947586812756579744e-02 1.739687263301219200e-01 1.255123332100976540e+03 -3.836480267211803152e+01 1.678563603587319619e+01
1.090660801251194911e+01 1.359756645303535350e-01 2.860975477626341856e-01 1.255147442484274734e+03 -3.827912903007188561e+01 1.569923756864188036e+01
1.093571706493816542e+01 -3.482738068378427726e-02 9.925490014829646546e-02 1.255164571214857006e+03 -3.817920518241334094e+01 1.461166401791772351e+01
1.092541427251322084e+01 2.336353108764884223e-01 3.779980985986725051e-01 1.255189811744803819e+03 -3.804634251564133507e+01 1.352696030314960929e+01
1.080174924609429610e+01 3.990928201052103552e-01 7.129328342471447089e-01 1.255245090713703576e+03 -3.785275572217713602e+01 1.245776451721282108e+01
1.070025217743186019e+01 3.841193293937327224e-01 9.191368469519386464e-01 1.255327658343186613e+03 -3.758123694266912196e+01 1.141707213214971439e+01
1.063525889607760355e+01 2.693814988132864352e-01 9.951977552070160327e-01 1.255423893480076231e+03 -3.722632249529574722e+01 1.041075418600083147e+01
1.057135655383817507e+01 1.426162201066713542e-01 1.004925625297341751e+00 1.255524001685893381e+03 -3.678806150365143424e+01 9.445205522868242554e+00
1.049357102656474083e+01 5.671391801150818535e-02 1.002671405350853417e+00 1.255624406937297181e+03 -3.626795408292118594e+01 8.529557622934202499e+00
1.033870224814482341e+01 2.826383628097574319e-02 1.020993856193278093e+00 1.255725647838679151e+03 -3.566967787504211174e+01 7.677282493345694014e+00
1.014907203647728551e+01 -2.629146313423503037e-03 1.020966279406364974e+00 1.255827793722620981e+03 -3.500147652736153248e+01 6.901223076526716405e+00
9.927689046808175988e+00 -1.911112516618861459e-02 1.003562583885034609e+00 1.255929050586998528e+03 -3.427448292836221810e+01 6.209421234032703296e+00
9.685757188295212927e+00 -3.437794443551202804e-03 9.762640322215020428e-01 1.256028036985954259e+03 -3.350033586262090068e+01 5.607902587966862917e+00
9.452730613783741020e+00 5.987210095121869163e-02 9.576310546825913539e-01 1.256124669580977979e+03 -3.268916137958087376e+01 5.100901549292741421e+00
9.207622760356736435e+00 1.438015377871119937e-01 9.421409414931246618e-01 1.256219538575621300e+03 -3.185129991086380485e+01 4.691107967662432543e+00
9.029042813402210044e+00 2.683651691374459580e-01 9.735401893582481536e-01 1.256315117926392531e+03 -3.099428893750086189e+01 4.380349279245261407e+00
8.903873090394812451e+00 3.602994774497269015e-01 1.025471525697432051e+00 1.256415005708125364e+03 -3.012276269438664045e+01 4.169325996551083158e+00
8.878792282828284144e+00 2.343967314671971391e-01 8.803098752049669518e-01 1.256508916315912757e+03 -2.924227182327771146e+01 4.041293063371391270e+00
8.878804374147385658e+00 8.546206894939789578e-02 5.935986299604657512e-01 1.256579401862896702e+03 -2.835675920654197313e+01 3.970664654216988776e+00
8.883684478502651416e+00 -7.244306549890130661e-03 2.712087949976191847e-01 1.256618868937884827e+03 -2.746910967407418624e+01 3.937565912512121180e+00
8.883219873721603932e+00 5.160799967489354545e-02 1.781244390774067987e-01 1.256640141789358495e+03 -2.658081193568409262e+01 3.933653527029919328e+00
8.882825317227373674e+00 4.123249998050168563e-02 1.161881530182206079e-01 1.256653970627864283e+03 -2.569259014817053455e+01 3.946737611949290070e+00
8.865840102457058336e+00 -1.631245591360616642e-01 -1.705791575212293187e-01 1.256648086528934755e+03 -2.480529900892151574e+01 3.949794304644924203e+00
8.846103858478508997e+00 -2.131849552771850342e-01 -3.261723723227736293e-01 1.256621222449247398e+03 -2.391991165420298060e+01 3.927929470047850202e+00
8.838988500041876861e+00 -9.302534557668948323e-02 -2.221992644791944416e-01 1.256595306481991202e+03 -2.303627177169970253e+01 3.889720848163928490e+00
8.826012880005759342e+00 3.337823224561890789e-02 -2.934631404291312626e-02 1.256585371619469925e+03 -2.215397555673803609e+01 3.848204713239508745e+00
8.782005534812510561e+00 2.502221294788815054e-01 3.038169154320731202e-01 1.256602237185542435e+03 -2.127398359792038107e+01 3.826936222930680476e+00
8.754403084400426138e+00 2.110336830065494274e-01 3.631013098650667792e-01 1.256636444704958421e+03 -2.039691982901157985e+01 3.833768792625805499e+00
8.734008418660529571e+00 5.368778441576815830e-02 1.831834862517668916e-01 1.256661227645103509e+03 -1.952252140730710295e+01 3.853898919900694331e+00
8.700837627963977639e+00 1.053003600366124587e-01 1.994974984982094413e-01 1.256680595561737164e+03 -1.865162560368742817e+01 3.892206907895844559e+00
8.660683500572043059e+00 -1.137523754197329456e-01 -8.418849344492022879e-02 1.256683046215904596e+03 -1.778432186888866440e+01 3.926836865767072471e+00
8.616966399207280247e+00 -1.591710475087235455e-01 -2.265706214766299575e-01 1.256665505355963433e+03 -1.692057832031496289e+01 3.944333461371800187e+00
8.577341548471862254e+00 -9.574840826273403604e-02 -1.883894437244974518e-01 1.256645310774968948e+03 -1.606073710058347004e+01 3.948736832068469926e+00
8.534393944678393851e+00 -2.708566534911511711e-03 -5.864886723632920656e-02 1.256634855621927500e+03 -1.520509155771016196e+01 3.948513281489550497e+00
8.481759738789843794e+00 1.034535880432028709e-01 1.152739765027029489e-01 1.256640103804041701e+03 -1.435434662467597455e+01 3.956110608279071794e+00
8.420313807599878686e+00 1.787841473971475137e-01 2.611431410333570069e-01 1.256660934090075216e+03 -1.350965911317289958e+01 3.983061046838782815e+00
8.368709687495368144e+00 8.383608077962886873e-02 1.784980706759822233e-01 1.256681682505598701e+03 -1.267096605284189792e+01 4.022814965188207026e+00
8.312998094578192720e+00 4.217983682962136299e-02 1.048251770278478545e-01 1.256694733706407078e+03 -1.183818282346954120e+01 4.070689555843102880e+00
8.254704765682296497e+00 -7.640050103432694494e-03 1.914517065366664120e-02 1.256699621078526661e+03 -1.101127522794288183e+01 4.120967573555806673e+00
8.193335171655572680e+00 -4.566647003913025527e-02 -5.299570959861217567e-02 1.256696812616362195e+03 -1.019017127174629600e+01 4.167656405215350190e+00
8.130557451931961666e+00 -4.787875001193816343e-02 -7.436370538340990322e-02 1.256690103427254599e+03 -9.374979431893404325e+00 4.208911676480656894e+00
8.064644079552458322e+00 -7.851624788551396505e-02 -1.200891759182771829e-01 1.256679653469906498e+03 -8.565812016082057667e+00 4.240623762983834588e+00
7.999101530122998405e+00 2.276447708431864753e-02 8.804898148273437603e-04 1.256675539630763751e+03 -7.763231842830624174e+00 4.272662595377242134e+00
7.932523882195511966e+00 -2.512701152648429050e-03 -4.953604923093668684e-03 1.256675239573949057e+03 -6.967232872228721341e+00 4.303685018215243296e+00
7.865938778186839286e+00 -1.580808435649835517e-02 -2.167246943247992663e-02 1.256673634726424325e+03 -6.177786344374789351e+00 4.331977381496664670e+00
7.799334980314218235e+00 -2.377840091954784921e-02 -3.543704108507658018e-02 1.256670549009554634e+03 -5.394893456345544180e+00 4.357240829983910935e+00
7.733282454062236688e+00 -1.482273864705950864e-02 -2.678965726951924170e-02 1.256667573823425300e+03 -4.618571470415733238e+00 4.380379735326686230e+00
7.667926948726077718e+00 2.197499286840691804e-02 2.245069534481717796e-02 1.256668168519778646e+03 -3.848891585535111570e+00 4.405348059215274503e+00
7.603194147305680772e+00 1.684659727956926145e-02 2.584041552514130397e-02 1.256670645593668496e+03 -3.085762063143991263e+00 4.431879037348874562e+00
7.536939706152395502e+00 7.030502534044992535e-02 9.551034847725861643e-02 1.256677865160314013e+03 -2.329497758411480213e+00 4.465639640630620910e+00
7.472046710749520315e+00 7.414360502130301622e-02 1.136908535645361901e-01 1.256688647085946286e+03 -1.580174911880716904e+00 4.507609684824481988e+00
7.405983227265911850e+00 1.113757986162871028e-01 1.648808850135378701e-01 1.256703446229754718e+03 -8.381849018621112535e-01 4.561583413277465304e+00
7.337315418616263685e+00 1.687409763297119392e-01 2.468196889511560521e-01 1.256725377309851638e+03 -1.044973689606503997e-01 4.633779524050577692e+00
